374243
1033
170739
397093
501783
356393
254005
727187
709175
671007
518663
676275
788679
421591
946647
328937
735575
273203
251381
975633
984781
391907
776677
46573
86343
924529
841673
238955
42097
372199
130599
360175
816779
475625
420853
867493
272587
226579
143699
303215
466591
271825
401183
930001
618335
712143
758151
391389
502531
685305
881825
675785
574119
39319
650391
361415
207997
148307
160391
33211
757645
289787
259923
51131
491133
998225
415003
353077
907891
112323
213163
288297
169919
977379
405837
480599
816339
346741
413797
869633
318285
175031
178861
741407
632197
179947
83297
34271
660627
228439
975471
739895
357413
718339
697043
63865
108711
144665
953275
78683
502873
197723
156557
161259
139539
503817
970323
303671
351185
624329
179225
570359
132625
801603
598149
162603
660013
644459
815663
382289
979227
212471
324069
959377
366645
471885
299889
645845
496435
696493
916581
580619
43761
721203
47031
212527
869091
131203
410333
990909
418587
582169
500885
613559
854231
653791
23605
333141
767671
290415
194301
997251
612881
870085
194561
590979
798091
769293
950619
194765
479933
139489
754667
63105
197703
957675
264353
887961
302731
999887
708593
187579
949341
446475
843169
364225
937521
658305
180703
868335
346557
978011
137167
750045
811985
37159
690979
191873
960785
49519
245335
899797
283519
401111
892911
8469
407475
646525
118307
445537
242933
923041
815925
597233
855037
380065
103269
982313
697187
733201
563499
900225
563425
503993
69179
714417
815215
845727
975171
758203
460893
638901
149251
763411
904095
562941
607173
844583
202681
800925
44707
781085
443997
289427
191091
288947
149487
46669
390513
479879
375235
582107
292333
820261
866993
802473
187297
783237
670607
385405
746127
596491
202873
390277
642153
340491
872151
441415
685823
979255
987247
732459
813441
