374243
1033
794774
170739
397093
501783
385924
356393
254005
727187
147224
451188
423440
709175
519266
671007
152766
954976
773332
841838
791548
518663
60382
676275
676588
310328
788679
421591
946647
328937
735575
470122
72398
998202
700694
273203
251381
975633
738256
984781
320638
391907
776677
46573
196888
142976
86343
960874
969690
924529
841673
916296
238955
376328
42097
372199
137238
440210
130599
360175
952610
244670
816779
497630
248472
475625
420853
867493
272587
951896
226579
698736
143699
186750
231608
303215
969312
466591
787714
271825
401183
930001
122930
297688
606482
618335
712143
776948
384434
758151
587424
681516
391389
695820
502531
685305
881825
675785
574119
39319
180384
650391
293154
427998
899130
361415
207997
954470
148307
160391
11704
33211
220050
197688
982636
757645
289787
209392
350162
148638
704452
259923
55250
51131
491133
998225
802736
53782
37228
415003
353077
779292
907891
112323
213163
106274
288297
713962
169919
977379
405837
151746
480599
816339
346741
413797
690956
869633
826926
461780
108222
318285
175031
178861
741407
568070
504120
9820
632197
833602
10626
721362
179947
83297
34271
149344
660627
185206
835026
636240
228439
975471
739895
357413
936734
718339
697043
163874
63865
137564
108711
698782
683142
998706
144665
953275
78683
620156
904000
502873
197723
906750
431454
156557
102184
161259
139539
503817
970323
303671
896362
351185
618870
691886
464982
203526
470796
624329
179225
74042
570359
132625
801603
789686
609198
598149
44538
162603
574314
570926
209746
831676
501800
158370
123792
731478
630006
660013
74228
644459
744990
815663
916352
382289
908654
615058
979227
212471
324069
441602
959377
496332
505974
366645
471885
684554
408998
299889
645845
403096
496435
696493
916581
169004
580619
148366
172084
926206
836594
851054
43761
721203
47031
212527
869091
527920
585600
131203
955322
410333
990909
418587
885190
274316
930874
582169
500885
613559
692236
971532
854231
256750
653791
23605
333141
340032
848668
767671
858656
302742
636230
290415
179204
53934
365514
194301
997251
908322
7240
612881
870085
14230
316158
117856
430926
40844
258214
194561
590979
972102
798091
769293
950619
194765
479933
871128
671098
139489
754667
253404
551328
901180
63105
501412
197703
87422
957675
264353
372890
887961
53054
583346
433840
302731
665788
999887
584840
708593
187579
949341
336624
446475
958040
818994
843169
671760
957654
364225
937521
658305
816592
180703
868335
346557
623558
978011
434820
737174
223702
137167
276748
750045
188802
811985
207932
37159
690979
191873
960785
179180
919216
49519
3692
245335
899797
283519
401111
693508
892911
8469
718192
407475
646525
777442
118307
884198
21488
575574
445537
242933
923041
815925
453814
42910
597233
855037
380065
321962
54930
805314
103269
287634
982313
697187
701336
733201
710668
563499
900225
563425
503993
443134
69179
714417
879586
896114
174584
815215
208200
845727
975171
565132
599464
758203
613382
463564
460893
638901
149251
861490
110618
607116
323696
763411
174598
904095
183638
329254
664032
562941
607173
844583
202681
800925
359350
343556
44707
665112
781085
443997
289427
191091
288947
149487
46669
390513
479879
942090
941818
375235
582107
292333
820261
866993
539566
691748
802473
666490
187297
745196
783237
670607
786002
873984
852140
385405
746127
438398
596491
19172
348496
202873
390277
642153
340491
324526
872151
441415
781198
735226
685823
48622
979255
211046
987247
289386
531348
191602
732459
813441
